398664
398482
398413
398130
397694
397257
396741
396129
395681
395598
395011
394226
393407
392493
391495
390892
390497
389473
388137
386665
385070
383481
382438
382111
379868
377299
374539
371850
368959
367156
365931
363504
359463
355409
351655
347816
345515
344840
341024
336634
332689
329275
325063
322565
321749
318230
313402
309464
305565
301582
299303
298180
295034
290652
286940
283372
280045
278253
277514
274700
271225
268087
264807
261193
259156
258579
255815
251835
248507
245432
242335
241048
240551
238456
235713
233754
231712
229973
228971
228805
227528
225729
224114
223342
223085
222616
222284
221947
220509
218780
217734
217460
217120
216949
215920
214610
213608
212741
211988
211594
211489
210869
210119
209584
209049
208497
208264
208187
207617
207073
206591
206136
205570
205304
205183
204411
203584
202986
202426
201731
201382
201252
200420
199453
198734
197851
196941
196448
196266
195151
193939
193026
191956
190990
190484
190321
5559
5693
5729
5837
6134
6422
6816
7271
7610
7663
8099
8712
9175
9885
10672
11228
11574
12366
13430
14689
16033
17340
18246
18441
20346
22597
25105
27230
29910
31520
32241
34110
37581
41178
44118
47172
49048
49087
51922
55716
58699
61168
64613
66539
66746
69171
72649
75526
78459
81252
82125
82416
83671
86020
87073
88224
89535
90219
90078
90700
91587
92360
93549
94480
95442
94378
93559
93981
94132
93931
92581
91569
90041
90128
90347
89540
88221
86909
86452
84828
83041
82302
82443
81955
80976
80519
79544
78319
76684
75370
75163
74593
73769
72962
71621
70722
69642
69051
65912
65745
65126
63057
61054
58425
52185
47016
46936
46608
39563
33815
29660
27769
27029
26997
26929
26582
26505
26448
25676
25012
23987
22651
21466
20885
20496
20545
20727
21050
21152
21374
22065
22236
22801
23212
23315
23135
15777
15825
15858
16033
16172
16321
16443
16600
16709
16739
16890
17062
17418
17622
17833
17880
17929
18161
18433
18646
18897
19179
19316
19448
19786
20104
20356
20920
21131
21324
21828
22386
22956
23413
24227
25012
25437
26073
27054
27650
28612
29557
30324
30896
31505
32599
33949
35010
35976
37166
38572
39404
41295
43328
45987
48404
50420
51528
52408
54600
57188
59553
61644
64327
65402
67043
70626
74184
77361
80637
85084
87383
89408
91416
93940
96706
100067
103118
104577
106367
109431
111969
113443
114703
115939
116865
118172
119734
122807
125850
127103
127947
129111
130089
132459
134668
136750
138208
142100
142661
143385
146074
148827
151991
158766
164487
164800
165205
172820
179112
183749
186095
187401
187699
187888
189007
189911
190566
191898
193257
194631
196097
198114
199662
200770
201604
202332
202502
202582
203475
203996
204738
205243
205798
206201
206544
